2.1 Result with blocking BLOCK_SIZE = 16
 Dimension       Time    Gflop/s           GB/s    Time in the ref solution        Error
        16   3.082236   3.244403  10.382089          1.748054                 0.000000e+00
        64   3.249195   3.077930   9.849376          2.155307                 0.000000e+00
       112   3.181489   3.144153  10.061290          2.556263                 0.000000e+00
       160   3.358151   2.988311   9.562596          2.900356                 0.000000e+00
       208   3.329420   3.027188   9.687003          2.885040                 0.000000e+00
       256   3.321636   3.030534   9.697708          3.151171                 0.000000e+00
       304   3.338928   3.029118   9.693177          3.511467                 0.000000e+00
       352   3.310990   3.029688   9.695003          3.978158                 0.000000e+00
       400   3.438934   2.977667   9.528534          4.344114                 0.000000e+00
       448   3.580953   3.013121   9.641988          4.833734                 0.000000e+00
       496   3.675429   2.987992   9.561575          5.588366                 0.000000e+00
       544   3.769966   2.989216   9.565492          5.891096                 0.000000e+00
       592   3.471888   2.987923   9.561353          5.390418                 0.000000e+00
       640   3.502928   2.993427   9.578966          5.509919                 0.000000e+00
       688   4.375559   2.977088   9.526683          7.120614                 0.000000e+00
       736   4.004069   2.987123   9.558794          6.378941                 0.000000e+00
       784   4.845994   2.983229   9.546333          7.842003                 0.000000e+00
       832   3.858248   2.985451   9.553442          6.336521                 0.000000e+00
       880   4.577545   2.977456   9.527860          7.617888                 0.000000e+00
       928   5.400203   2.959810   9.471392          9.955651                 0.000000e+00
       976   6.301488   2.950777   9.442486         11.058472                 0.000000e+00
      1024   3.670196   2.925571   9.361826          8.024390                 0.000000e+00
      1072   4.221752   2.918043   9.337737         12.607059                 0.000000e+00
      1120   4.827929   2.910001   9.312004         28.585473                 0.000000e+00
      1168   5.492615   2.901011   9.283235         25.544195                 0.000000e+00
      1216   6.185883   2.906692   9.301414         30.187884                 0.000000e+00
      1264   6.981512   2.892622   9.256391         40.414099                 0.000000e+00
      1312   7.775550   2.904494   9.294379         42.639212                 0.000000e+00
      1360   8.709147   2.888292   9.242534         52.099165                 0.000000e+00
      1408   9.650027   2.892540   9.256130         58.853332                 0.000000e+00
      1456  10.668260   2.893281   9.258498         65.137345                 0.000000e+00
      1504  11.726622   2.901153   9.283688         71.780981                 0.000000e+00
      1552  12.878882   2.902665   9.288530         72.743864                 0.000000e+00
      1600  13.790176   2.970230   9.504737         68.020406                 0.000000e+00
      1648  14.997411   2.984388   9.550042         48.133915                 0.000000e+00
      1696  17.342055   2.813047   9.001750        102.987566                 0.000000e+00
      1744  18.362502   2.888734   9.243950        111.954178                 0.000000e+00
      1792  19.852731   2.898637   9.275637        121.496333                 0.000000e+00
      1840  21.515020   2.895421   9.265347        131.430695                 0.000000e+00
      1888  23.223863   2.897821   9.273026        142.134073                 0.000000e+00
      1936  25.404672   2.856291   9.140132        153.158962                 0.000000e+00
      1984  26.942166   2.898628   9.275610        164.990286                 0.000000e+00

2.2 Result with blocking BLOCK_SIZE = 32
 Dimension       Time    Gflop/s     GB/s       Time in the ref solution        Error
        32   2.641349   3.785996  12.115187          2.146019                 0.000000e+00
        64   2.789967   3.584556  11.470579          2.162893                 0.000000e+00
        96   2.744020   3.646608  11.669145          2.261148                 0.000000e+00
       128   2.796717   3.576842  11.445895          2.601549                 0.000000e+00
       160   2.895377   3.465939  11.091004          2.925266                 0.000000e+00
       192   2.824920   3.557836  11.385075          2.814904                 0.000000e+00
       224   2.818240   3.549409  11.358110          2.960729                 0.000000e+00
       256   2.870097   3.507314  11.223405          3.175284                 0.000000e+00
       288   2.829678   3.545600  11.345919          3.398844                 0.000000e+00
       320   2.873838   3.534674  11.310956          3.513755                 0.000000e+00
       352   2.843572   3.527700  11.288639          3.777543                 0.000000e+00
       384   2.872713   3.547921  11.353349          3.799611                 0.000000e+00
       416   2.884564   3.494040  11.180927          4.150603                 0.000000e+00
       448   3.250018   3.319934  10.623790          4.612663                 0.000000e+00
       480   3.547243   3.117689   9.976606          5.013001                 0.000000e+00
       512   3.585382   2.994777   9.583285          5.132700                 0.000000e+00
       544   3.765564   2.992710   9.576673          5.668026                 0.000000e+00
       576   3.848752   2.979194   9.533419          5.807449                 0.000000e+00
       608   3.728284   3.014198   9.645433          5.614003                 0.000000e+00
       640   3.490353   3.004212   9.613477          5.263661                 0.000000e+00
       672   4.287105   2.831416   9.060531          7.059439                 0.000000e+00
       704   3.469779   3.016736   9.653557          5.267249                 0.000000e+00
       736   3.971600   3.011544   9.636941          6.033469                 0.000000e+00
       768   4.536733   2.995448   9.585432          6.850071                 0.000000e+00
       800   3.408971   3.003839   9.612284          5.200493                 0.000000e+00
       832   3.821615   3.014068   9.645016          5.903163                 0.000000e+00
       864   4.304618   2.996654   9.589293         22.338370                 0.000000e+00
       896   4.813077   2.989037   9.564917          9.786104                 0.000000e+00
       928   5.442505   2.936805   9.397776          9.538470                 0.000000e+00
       960   5.904819   2.996657   9.589304         10.284686                 0.000000e+00
       992   6.453884   3.025129   9.680412         15.265209                 0.000000e+00
      1024   3.608659   2.975459   9.521469          7.984876                 0.000000e+00
      1056   3.948144   2.982625   9.544402         11.698522                 0.000000e+00
      1088   4.349735   2.960901   9.474883         14.093978                 0.000000e+00
      1120   4.712554   2.981245   9.539985         28.560220                 0.000000e+00
      1152   5.123866   2.983731   9.547939         18.820311                 0.000000e+00
      1184   5.910236   2.808344   8.986700         24.538058                 0.000000e+00
      1216   5.787397   3.106830   9.941855         27.196549                 0.000000e+00
      1248   6.108852   3.181883  10.182024         26.584073                 0.000000e+00
      1280   6.408383   3.272513  10.472043         26.005785                 0.000000e+00
      1312   6.451560   3.500554  11.201773         31.006334                 0.000000e+00
      1344   7.017169   3.459680  11.070975         27.020057                 0.000000e+00
      1376   7.440638   3.501427  11.204568         30.175120                 0.000000e+00
      1408   7.956375   3.508268  11.226457         28.199677                 0.000000e+00
      1440   8.620702   3.463736  11.083957         31.979589                 0.000000e+00
      1472   9.121887   3.496542  11.188934         32.854588                 0.000000e+00
      1504   9.725611   3.498055  11.193775         34.866489                 0.000000e+00
      1536  10.383225   3.490128  11.168410         36.993164                 0.000000e+00
      1568  10.983122   3.510042  11.232135         36.060596                 0.000000e+00
      1600  11.756516   3.484025  11.148882         36.413847                 0.000000e+00
      1632  12.399871   3.505446  11.217427         39.009992                 0.000000e+00
      1664  13.138482   3.506830  11.221857         40.419671                 0.000000e+00
      1696  14.412341   3.384878  10.831609         50.206162                 0.000000e+00
      1728  17.297443   2.982973   9.545513        108.626468                 0.000000e+00
      1760  18.326681   2.974775   9.519281        114.813920                 0.000000e+00
      1792  19.402225   2.965941   9.491011        121.206426                 0.000000e+00
      1824  20.459079   2.966118   9.491578        127.895578                 0.000000e+00
      1856  21.434907   2.982719   9.544700        134.710761                 0.000000e+00
      1888  22.620155   2.975161   9.520514        141.754638                 0.000000e+00
      1920  23.841738   2.968696   9.499828        149.061412                 0.000000e+00
      1952  25.497290   2.917060   9.334593        156.669229                 0.000000e+00
      1984  26.228151   2.977538   9.528122        164.487194                 0.000000e+00

2.3 Result with openmp BLOCK_SIZE = 16

Dimension       Time    Gflop/s           GB/s     Time in the ref solution        Error
        12  20.405959   0.490053   1.568170          1.925654                 0.000000e+00
        60   0.483511  20.683715  66.187888          2.428478                 0.000000e+00
       108   0.223309  44.790493 143.329579          2.593263                 0.000000e+00
       156   0.161972  61.878300 198.010561          2.697822                 0.000000e+00
       204   0.116249  86.175610 275.761953          3.011343                 0.000000e+00
       252   0.113319  88.969492 284.702373          3.120661                 0.000000e+00
       300   0.088307 116.186090 371.795489          3.507016                 0.000000e+00
       348   0.077939 129.775342 415.281095          3.830738                 0.000000e+00
       396   0.067311 156.838023 501.881674          4.141809                 0.000000e+00
       444   0.058607 179.216869 573.493982          4.756693                 0.000000e+00
       492   0.056188 190.761835 610.437873          5.248775                 0.000000e+00
       540   0.070874 155.522598 497.672314          5.771585                 0.000000e+00
       588   0.049762 204.271697 653.669430          5.576787                 0.000000e+00
       636   0.048024 214.275996 685.683189          5.469650                 0.000000e+00
       684   0.054442 235.121629 752.389213          6.743683                 0.000000e+00
       732   0.064474 182.502424 584.007756          6.360824                 0.000000e+00
       780   0.099645 142.872363 457.191560         13.074924                 0.000000e+00
       828   0.075647 150.082660 480.264513          6.362351                 0.000000e+00
       876   0.074239 181.096526 579.508883         19.089938                 0.000000e+00
       924   0.082212 191.914718 614.127097         11.014962                 0.000000e+00
       972   0.093573 196.281582 628.101064         10.530545                 0.000000e+00
      1020   0.053192 199.503445 638.411023          6.940857                 0.000000e+00
      1068   0.058177 209.394760 670.063233         13.753386                 0.000000e+00
      1116   0.065052 213.663925 683.724561         16.900842                 0.000000e+00
      1164   0.096019 164.248768 525.596056         26.964062                 0.000000e+00
      1212   0.076922 231.449172 740.637351         34.497462                 0.000000e+00
      1260   0.084160 237.687816 760.601011         42.093822                 0.000000e+00
      1308   0.092474 241.993783 774.380105         47.059751                 0.000000e+00
      1356   0.124861 199.687658 639.000505         40.253895                 0.000000e+00
      1404   0.136402 202.899573 649.278633         58.209247                 0.000000e+00
      1452   0.127812 239.511636 766.437236         64.425576                 0.000000e+00
      1500   0.155414 217.162195 694.919024         63.318667                 0.000000e+00
      1548   0.188750 196.528352 628.890725         78.037967                 0.000000e+00
      1596   0.215558 188.596967 603.510296         85.562270                 0.000000e+00
      1644   0.229350 193.734676 619.950965         93.483730                 0.000000e+00
      1692   0.244824 197.854830 633.135455         91.840940                 0.000000e+00
      1740   0.255031 206.563751 661.004004        110.862921                 0.000000e+00
      1788   0.253033 225.904755 722.895215        120.334087                 0.000000e+00
      1836   0.268178 230.777941 738.489413         98.921107                 0.000000e+00
      1884   0.266933 250.518987 801.660760         77.116828                 0.000000e+00
      1932   0.281648 256.043858 819.340347         75.638753                 0.000000e+00
      1980   0.297045 261.320250 836.224801         75.036216                 0.000000e+00

2.4 Result with openmp BLOCK_SIZE = 32
 Dimension       Time    Gflop/s           GB/s      Time in the ref solution        Error
        32   3.869862   2.584107   8.269144          2.131784                 0.000000e+00
        64   1.707711   5.856256  18.740019          2.151306                 0.000000e+00
        96   1.133829   8.825284  28.240909          2.237267                 0.000000e+00
       128   0.924341  10.822210  34.631072          2.560647                 0.000000e+00
       160   0.709752  14.139016  45.244850          2.867878                 0.000000e+00
       192   0.512632  19.605885  62.738832          2.767426                 0.000000e+00
       224   0.434119  23.042276  73.735284          2.902753                 0.000000e+00
       256   0.373835  26.927169  86.166941          3.128295                 0.000000e+00
       288   0.330504  30.356350  97.140319          3.355280                 0.000000e+00
       320   0.295880  34.331796 109.861747          3.523243                 0.000000e+00
       352   0.269355  37.241763 119.173641          3.943790                 0.000000e+00
       384   0.252959  40.291769 128.933660          3.853297                 0.000000e+00
       416   0.230329  43.758145 140.026066          4.485798                 0.000000e+00
       448   0.232505  46.406853 148.501928          4.930689                 0.000000e+00
       480   0.237362  46.592129 149.094812          5.220335                 0.000000e+00
       512   0.224235  47.884612 153.230759          5.298843                 0.000000e+00
       544   0.229874  49.023577 156.875445          5.939718                 0.000000e+00
       576   0.215674  53.164453 170.126250          6.198129                 0.000000e+00
       608   0.197611  56.868120 181.977983          5.890870                 0.000000e+00
       640   0.184113  56.952802 182.248965          5.508923                 0.000000e+00
       672   0.226894  53.498788 171.196120          7.848025                 0.000000e+00
       704   0.171444  61.054308 195.373786          5.566772                 0.000000e+00
       736   0.186930  63.984576 204.750644          6.383078                 0.000000e+00
       768   0.205196  66.227093 211.926697          7.299441                 0.000000e+00
       800   0.146972  69.672922 222.953351          5.575915                 0.000000e+00
       832   0.160124  71.935364 230.193163          6.377602                 0.000000e+00
       864   0.182623  70.634125 226.029199         22.365099                 0.000000e+00
       896   0.185168  77.694055 248.620975          9.805120                 0.000000e+00
       928   0.203308  78.617378 251.575610          9.876397                 0.000000e+00
       960   0.214047  82.667302 264.535365         10.532749                 0.000000e+00
       992   0.230626  84.655919 270.898942         15.193992                 0.000000e+00
      1024   0.122357  87.754995 280.815983          8.010627                 0.000000e+00
      1056   0.139089  84.663858 270.924346         12.240604                 0.000000e+00
      1088   0.141342  91.120346 291.585106         14.274717                 0.000000e+00
      1120   0.147894  94.995661 303.986117         28.530462                 0.000000e+00
      1152   0.159683  95.741371 306.372386         19.070755                 0.000000e+00
      1184   0.182821  90.788003 290.521610         24.622404                 0.000000e+00
      1216   0.198668  90.505256 289.616820         29.996930                 0.000000e+00
      1248   0.209937  92.588029 296.281692         35.660485                 0.000000e+00
      1280   0.217540  96.402950 308.489438         44.154997                 0.000000e+00
      1312   0.232644  97.075642 310.642054         42.719053                 0.000000e+00
      1344   0.235699 103.000856 329.602738         46.922827                 0.000000e+00
      1376   0.229847 113.348603 362.715529         50.476002                 0.000000e+00
      1408   0.258761 107.872022 345.190469         58.743950                 0.000000e+00
      1440   0.276640 107.937604 345.400332         59.957881                 0.000000e+00
      1472   0.284505 112.107118 358.742777         67.171021                 0.000000e+00
      1504   0.300278 113.297386 362.551634         71.575548                 0.000000e+00
      1536   0.312251 116.056651 371.381282         76.236017                 0.000000e+00
      1568   0.297724 129.486386 414.356436         73.569205                 0.000000e+00
      1600   0.278529 147.058117 470.585975         58.476464                 0.000000e+00
      1632   0.362471 119.918652 383.739688         53.694222                 0.000000e+00
      1664   0.301547 152.793366 488.938771         51.974196                 0.000000e+00
      1696   0.318586 153.126834 490.005869         61.598151                 0.000000e+00
      1728   0.324425 159.043806 508.940180         52.512850                 0.000000e+00
      1760   0.326872 166.786399 533.716477         63.098543                 0.000000e+00
      1792   0.344928 166.834573 533.870634         58.933762                 0.000000e+00
      1824   0.364452 166.507506 532.824018         62.928480                 0.000000e+00
      1856   0.366541 174.426214 558.163885         68.096986                 0.000000e+00
      1888   0.379151 177.498077 567.993846         69.834352                 0.000000e+00
      1920   0.393414 179.909621 575.710786         68.565560                 0.000000e+00
      1952   0.415709 178.916547 572.532951         74.753528                 0.000000e+00
      1984   0.421129 185.442696 593.416627         72.483374                 0.000000e+00